1               419158
2               383114
3               363529
4               335192
5               349752
6               349251
7               370157
8               407178
9               449150
10              490814
11              531427
12              575742
13              618119
14              660524
15              702324
16              743099
17              785476
18              826888
19              867030
20              908222
21              946853
22              984879
23              1023282
