1               222650
2               223152
3               228678
4               223540
5               212580
6               206458
7               191652
8               183845
9               184946
10              189642
11              198165
12              206767
13              218183
14              230064
15              242124
16              257708
17              285923
18              288167
19              303939
20              319457
21              336636
22              350856
23              366878
24              382227
25              398575
26              414473
27              429890
28              445509
29              460579
30              475796
31              492166
32              507039
33              523727
34              538904
35              554438
36              569641
37              586452
38              602322
39              617216
40              631830
41              649800
42              662160
43              678477
44              691912
45              707880
46              722508
47              737734
48              750233
49              767597
50              781429
51              797970
52              812478
53              827854
54              842404
55              857338
56              873964
57              888778
58              905960
59              923878
60              936754
61              950807
62              965770
63              982001
64              997473
65              1013657
